     35.4487      6.28311   -0.0765194      2.97813      8.84055     -3.10477     -1.73661      5.37758    0.0708161      2.98468     -2.32971     -1.06278     -5.22366    -0.485945    -0.614688     0.320055     -6.22916      2.69222      2.00017    -0.189475      -2.2805     -8.90638     -2.31235    -0.253344     0.154974      1.55348    0.0361465      -3.9156      -2.5452      1.96748     -3.23558     0.874674     -3.57842    -0.561559     -1.60653     -3.06438      2.60967      1.96912     0.272648      4.09917     -4.53215      4.05619     0.874285      2.20915    0.0746989     0.076656    -0.692315     -4.84899      4.34385      9.84974     -6.06097      6.03231      1.54604    -0.812164      7.24909    -0.815736      2.79698      -6.5264      2.15658      1.32343    -0.117025      4.85759      3.06235     -2.43633     -3.56159      2.14977       4.4903     -6.47413     -2.05197      7.74011     -2.96018     -1.75833       2.4904    -0.705404     -3.13005     -5.65286      3.23595      5.20965      1.44076      2.50784     -2.54661     -3.08723     -4.88979     -5.14631      -3.5221      2.52814      3.43245     0.674677      2.88026     0.884225      5.43196      7.82157       2.8372     0.615363     0.641929     -3.82487       1.2014      2.94688     -1.82671      4.19836     -1.15442     -6.87325     0.663852       6.5751     -2.70681      5.80049      2.94384      0.90759       1.0303     0.797512
     6.28311      35.0146    -0.428446     -3.53153      2.41077     0.110834      3.99803     -3.09829     -6.95424    -0.141892     -3.83037     0.734614      -1.0426     -2.00699     -2.15316    -0.548771     0.947001     0.707883      5.76573     -3.90654     0.827865     -1.24971      1.11962       1.3348     -3.20888      -1.7744      2.86377    -0.330437      3.43091     -3.47664      4.39755     -1.14897     -2.98382      2.27932     -3.65794    -0.498679      2.57566      1.18201      6.49848      -3.3013     -3.33185      -3.2182      4.86301     -1.13174     -8.46131     -3.35244      3.00154    -0.560333      5.48941      -1.6325     -4.57779      1.75036      3.88676      5.06024      3.99457      5.00111      3.39767     -2.79487      3.46558      0.64947      3.61961      4.50368    -0.454765     -1.38158     -1.33721      1.68685       4.3425     -1.00502     0.673146      2.81382      1.04209      3.32141      4.43448     0.959815     -0.75072     -1.74827      2.13206     -1.27414      4.76968    -0.906736     -9.37038      -1.3413     -1.44494     -2.10483     0.558319     -3.61032      2.92666      1.86644       2.1401      2.92288     -3.12142     -2.87942      1.24732     0.439151     -2.27931      4.72862     -1.82278    0.0784354     -1.25019     -0.24602     0.593485    -0.113941     -3.11792      1.84074    -0.225716      2.19643    -0.240056      2.52322      1.00526     -4.39314
  -0.0765194    -0.428446      38.7095     -3.55317     -8.70301      4.30276      3.52351      6.18622    -0.570382     0.423169      6.10085      -1.7582      1.37576      2.56978      4.02703     0.246992     -2.87617    -0.457349      1.55563     -3.11682     0.427596      1.81074     -2.14494     0.318248     -3.81402      6.72142      3.58484     -3.80642     0.190709     -7.68798       7.0237      4.55323      4.06852      1.85832     -5.80375     -4.82354     -4.14185     0.847815      1.93483      3.47493     -1.03383     -1.61736     0.371594      1.87925     -4.73861     -1.58775      5.75228      6.22608    -0.219592      4.42017     -5.99509        1.472      1.27606      2.12295      3.05205      3.92337     -8.41908     -7.65261      -3.5179     -3.99181     -1.26345      1.79947     -2.58888      -1.8859       2.9425     -2.63989      4.65614       8.1129      2.62131      8.31867     -7.07165     -5.78323      2.36092      1.96808      2.95144     -1.36666     -2.96923      3.11846     -6.45951      4.00462       2.3737     -5.46235     -5.89594      4.34312      4.53372     -2.03803     -3.83346     -0.51437      4.33246      3.50576     -4.28886      2.35529     -2.84548    -0.084827    -0.487583     0.533584     -6.70183      4.23318    -0.336453     -7.28726     -4.32908      2.01588     -3.83241      4.93638     -5.87539      2.27534     -1.23217      3.56712     -5.78868     0.833394
     2.97813     -3.53153     -3.55317      36.4865      5.86374      2.03812     -5.67477      3.62644     -3.28886     -1.38931     -1.55532    -0.395215     -1.56771     -1.26678     -2.83158      5.24619     -1.43314      1.30274     -1.26264     -1.79723     -3.74244      1.48636      1.54941      7.60769      3.62402    -0.385074   0.00646841     -5.44257     -1.64021     -2.07793       -5.157       2.3617     -3.64902     0.493139     0.903143      6.33997      0.32505     -1.10044     -2.00461      -1.6123     -4.11209     -3.81759     -1.39706      -6.2824    -0.500008     0.437657      5.33661      2.93701      3.29108      3.35763     -3.95053      1.43059    -0.819012 -0.000624771    -0.753494     -5.02812     -4.41097      2.65547     -3.12865      1.95318     0.561985     -3.09892    -0.292354    -0.903622     -3.67263     -7.16195     -5.22403      1.87576     -5.78379      4.09618     0.318169     -5.20001    -0.550588     -2.64286      1.25753      1.36581      2.89324     -1.08442      7.04762     0.859336     -3.85766     0.595922      4.37544     -3.78521     -1.17057       5.2319     -2.99778     -3.41892      6.29631     -1.26191        4.032      1.43475     -2.13612   -0.0101931     -7.24928      1.78727      3.03749     -1.38872      -1.7509     0.829867      3.61192      3.93317      1.63869      3.57456    -0.369645      2.98886      -8.6378     -3.67928     -3.30696      1.45287
     8.84055      2.41077     -8.70301      5.86374      38.1529     -2.70661     -6.71361      5.11449      1.56997      4.50115      1.76729      5.15687     -2.17749      6.43414    -0.177051      7.46913      3.01642      2.15358     0.240237     -1.11779     -5.22653     0.470257      -2.5403      8.23851      4.90899     -0.13709    -0.771472     -1.39566    0.0992466      2.45151     -9.98175     -4.95849    -0.970806     -2.94437     -1.07292      1.17731     -1.61894      3.97635      2.81243      3.03184      1.08018     -1.99061      3.75245      3.83568     -0.41944      3.98611      7.39637     -1.59921    -0.665099     -3.27042      2.43884      4.90876      1.25871 -0.000571149      4.87659     -3.55304      2.52754     -3.21605      3.33126      1.45015     -2.94288      3.58228     -3.72745      3.39639     -2.16128     -2.64129   -0.0322309     -9.45552     -5.56468      4.13564     -1.37068      4.97052        1.129     -2.39921      5.75487     -2.60307      6.45649      4.13072     -3.48149     0.837834     -2.01086     -1.92311     -0.92088     -3.27254      -1.3531      1.25476     -1.84049     -3.72088     -1.22342      2.06135      4.02916    -0.904648      1.89569      3.12208       5.9596     -4.17837      2.36277      3.29102      4.43442       5.1747      5.52652      2.88952        2.605     -3.05409    -0.969982      1.75776     -6.86604     -4.88258      3.52139     -6.92914
    -3.10477     0.110834      4.30276      2.03812     -2.70661      34.3322      1.41547      8.27169      1.78613     -1.89244     -1.53113     -1.31334     -1.95486    -0.110097   -0.0321046     -1.85244     -3.08265      1.33712      1.52895     -1.25294      1.25397      5.46191     -4.12697      1.80514      2.49945       -1.088     -2.54335   -0.0289644      1.77638    -0.397364     -1.57848      2.28504     0.224252     -3.20589     -2.66079       -3.852    -0.791463     -5.70619      1.81506      -3.5781      5.10488     -2.13376     -2.31282       1.8703      -4.5766       5.5633      2.76045     0.479272      6.79853      3.30093     -2.90967      1.31754     -1.47311     -4.55676      1.76544      2.94812     -5.83026     0.384874      1.98742     -1.42461      3.12773    -0.428007     -7.76853      5.62685      1.48308      2.82815     -1.72657     -1.06956     -2.98178      4.34119     -2.54042      2.81923      8.79509     -1.37206     -3.94282     -4.30479    -0.692876     -3.26058     -6.28156     0.520264     -2.22106      1.65202      -2.5349      1.92593     -1.22166     -6.61353     -6.53219    -0.915824     -5.24989       -3.404    -0.377201     0.580565      1.42966     -4.94161     -4.30715     -1.31917     -2.30104      8.20712    -0.617384      2.13899      2.74266      4.76984     -6.57513      1.46082     -1.73283     -1.80582     -4.94264      -5.3395     -3.33365       2.3525
    -1.73661      3.99803      3.52351     -5.67477     -6.71361      1.41547      37.3101      1.78192   -0.0943009     -3.64268     -1.36574    -0.859849      2.04773     -1.69392    -0.411655     -3.30279      2.11997      -8.0957     -1.33898    -0.303073      4.67204     -2.85903     -2.38384     -3.44697     -5.76883     -5.18394     -1.75398     -4.35517     -1.53499    0.0876642     0.471274      1.84954      5.45859      5.15405     -1.88695      -1.8017     -4.54656     -2.80827      2.82423     0.145367     -2.28988      2.64761     0.412561     -4.08196     -3.65099      1.61795     -2.28421      2.57016      1.17475      1.65981    -0.894048     -3.08544     -1.96636     -4.77182       2.4557       2.5539      2.70316      3.71078     -3.10464     -4.60261      3.20967     -1.86625     -3.42673    -0.795698     -7.97914     0.520889     0.622145       2.0045     0.784025     -6.04149      4.78219     -1.37182      7.10339     -1.34646       -1.888    -0.522653     -5.59905     -4.81956      1.21886      6.14474      1.18751      1.82899      -2.3567      4.78466      4.24967      -3.6162     -1.35484     -1.58042     -1.23993    -0.346063     -5.09525     -1.98471      3.87133     -1.09781     -1.79565     0.159477     -2.33509     -3.05034     0.644028     0.874537     -7.64251      1.83288     -4.24505     -2.35388     -4.87892     -3.13819      4.30184      1.71595      -3.9761       5.9483
     5.37758     -3.09829      6.18622      3.62644      5.11449      8.27169      1.78192      35.5326       2.0971     -1.13614     -1.28241     0.164451     -3.61565     -1.68639    -0.743261     -1.52862     -6.93954       3.8387    -0.565473     -2.79053     -2.80791      -3.0517     -3.72808      1.50723     0.186398      6.98788    -0.442111     -3.25724      3.66879      1.92714     -2.34383    -0.203959      8.70251      1.93277     -7.56885    -0.711679     -6.80185      1.02625      6.62614       5.4935      2.90224     -1.73962      -3.8207     0.686219     -6.97149      4.88307      2.00135      -5.5653     0.332013      2.81846    -0.842253      1.62728     -1.44454     -4.75721      5.89261      6.69624      -1.5911    -0.821482      1.53678     -2.38349     -1.95763      5.43684     -2.43276      1.47391     -1.55389      4.59371     -5.29738   -0.0350457     -2.55819     -2.85654     -1.84662     -1.57582     0.395608    -0.994974      1.58457      0.40586     -1.86397     0.180086     -1.33243    0.0124651      3.08788     -1.75352     -7.21144     -2.96039        2.646     -2.68461      1.24528     -5.95021     -2.38092     -5.83722     -3.34815     0.272823     -1.27313     -2.01925      2.72978      -0.8609     -6.76395      6.17511      3.15073       4.3129     -3.40698      3.57315      2.76822      3.65092     -1.35073      4.75377     -6.61544    -0.709281     -1.03729      1.99036
   0.0708161     -6.95424    -0.570382     -3.28886      1.56997      1.78613   -0.0943009       2.0971      33.0688    -0.664761      -1.5537     -5.97093     -1.93957      1.26942      1.99524     -5.15277      -6.4971     -1.74034     -1.11639     -2.15998      2.09223    -0.324582     -3.72788    -0.550166    -0.603758      2.60388     -5.26544    -0.971353     -2.28008      4.50628     -3.10464     -7.87441      3.29075     -6.06599     0.567415      4.05737     -5.50537      1.91758     0.974692    -0.643767     -6.61037     0.344132      4.60981      3.77934     -5.46024     -1.17699     -3.16848     -5.02509      2.58797     -3.41427     -2.79443     -3.49737    -0.268864     -2.19154     -2.15798      3.62551       -1.622      3.40962      5.33649      3.53599    -0.423373     -3.57544     -1.69147     -1.60571      1.47574      5.05946      5.78943    -0.569012    -0.368367     -1.36779     -3.97413       1.4011      6.64099     -1.02545     -4.54048     0.426628     -1.15132      2.18742      1.69418     -3.96894      2.30293      3.85309     -2.86819     -3.36858       1.8069     -6.12333     -2.32264     0.396126    -0.501664      1.01169     -4.92088     0.221207    -0.228912     -5.87596     -1.89608     -4.26427     -4.28453      5.47191     0.269054     -5.87721     -1.20127     -2.12067     -3.12324    -0.483293      2.05134      3.76599     -2.19622     -4.38374      -3.2363     0.264193
     2.98468    -0.141892     0.423169     -1.38931      4.50115     -1.89244     -3.64268     -1.13614    -0.664761      41.0798     -4.40105     0.652382    -0.997339      6.84616     0.312571      3.92881     -3.82537      0.59329      2.15302      6.58413    -0.582979      1.06937     0.326926     -3.23236      2.07579      2.33086     -1.97835     -2.77641      4.82014     -1.36824     -2.22296      1.09896     -2.04636      1.79846      3.18784     -1.40896      1.40602     -2.42132      1.28013      0.25211     0.967731      1.41055    0.0260603      5.96269       1.0502       4.2351     -3.44171      1.93053      -2.4863     -2.62595     -5.48436      9.43014      1.91537     -1.49346      2.11425     -4.08672      4.12043      2.71375      3.28363      3.00081      1.11316     -1.55837     -2.89279      6.06366      3.09969      2.06053     -5.22013      3.28582     0.676229      2.29737      1.37371     -4.57854     -2.18979   -0.0301662     0.980349     0.904969     -3.53024      4.22422     -6.36954     -5.59833      7.89568     -2.13063     -3.64893      3.85628      2.72439     -2.44705      1.47689       9.2044    -0.780354      1.31591      5.64089       1.9369     -4.01973     -8.44006     -1.21156     -4.70437     -3.66501     -1.30582      2.39492      4.46079     0.870715      2.04173      2.78234     -4.61539     -0.94903      2.69226     -6.98174     -4.38111      6.93861     -12.9123
    -2.32971     -3.83037      6.10085     -1.55532      1.76729     -1.53113     -1.36574     -1.28241      -1.5537     -4.40105      33.1806     0.556823     -4.32948     0.855411     0.852386     -7.60627      1.88509     0.953364     0.303104     -2.69309      1.28783      2.57306     -2.20969     -2.97973      1.90147      1.24469      4.23655      1.15607     -7.06542     0.784625     -1.44109      4.36709     -1.91312      3.11884     0.292072    -0.605667     -4.84519      2.52459     -2.03576       9.5372      8.88848     -4.63873   -0.0673237      4.61471      2.05035     -4.76104    -0.632334      2.15246     -1.98578      1.69473      1.62288     0.578337    -0.916204     -3.11028      3.74631      2.37474     -3.05382     -2.45296     0.337538    -0.244973     -3.31904     0.665382     0.776242    -0.793011      -0.6677     -1.36518      3.03014      3.88747      2.82185    -0.718831      -2.7992      3.90574     -1.30638    -0.758567      6.70219      7.10328      4.11538       1.5815     -2.56324     0.809378      5.01356     -2.08787      2.97552      1.49182      4.93146      5.14057     -1.58668     -2.28434      1.99324    -0.270524     -1.21828     -2.89926     -6.89657      1.21615      2.63849        1.442      4.48537     -3.56571     -1.55438      2.02754      2.44033     -0.74961     -1.25715      2.03851     -1.14399      2.14598      2.55905     -3.82531      3.71853      3.50095
    -1.06278     0.734614      -1.7582    -0.395215      5.15687     -1.31334    -0.859849     0.164451     -5.97093     0.652382     0.556823      33.3238      1.41805    -0.850778     -4.58971     -1.43377      1.76635      11.8675    -0.453291    -0.313262      1.85039     -5.30008      1.91096      2.62461    -0.770107      3.21074     0.221941      1.43471       1.0424     -5.25429     0.870433     -1.30588     0.411013     -2.38592     -2.15982  -0.00860201     -1.54996    -0.717989      2.38476      -7.6727      6.87754      4.16527     -1.51911     -2.62833       1.0606       8.1209      7.13515      10.6079     -4.48538      1.06483      1.19912      1.08483      1.95768      4.49397   0.00698589    -0.465496      -4.5558      -3.9702     0.520433     0.179617     -2.63098     -2.28263      2.59086      4.36666      1.76994     -4.37119     -3.14486    -0.142037      3.67659      3.05668      -1.0971     0.435827    -0.128707      1.98218     0.942182      1.93535      1.16826     0.278251      2.09046     -3.75516      5.05037      1.79879     -3.17429    -0.838138       1.4797      2.23458     0.513513     -2.91866      2.13124     -3.05607      4.16908   -0.0886589     -7.29277     -1.06915         5.97     -1.00333      1.70891     0.205419     0.679473     0.169187     0.572027      1.53623  -0.00455583    -0.538785     -3.17241      2.82958     -4.33295      3.21127      2.38549     0.883175
    -5.22366      -1.0426      1.37576     -1.56771     -2.17749     -1.95486      2.04773     -3.61565     -1.93957    -0.997339     -4.32948      1.41805      40.2226      -6.6036      2.62685     -1.70676     0.580042     -5.48895     -4.28893    -0.501319      3.62938      4.86059    -0.933449      3.94625      4.80839      2.78669     0.288623   -0.0189268     -5.29884       1.4314      1.21399     0.123033     -2.29733     -6.19645     -1.37057      2.53353      3.12151      4.67676     -0.29008     -2.93975     -9.18261      -3.1319     0.165748     -6.73223     0.359466     -2.85088      2.75167      2.75678     -3.11086     -1.71816      2.07122     -2.00659      4.81435      1.27967      1.80948       1.6858      1.74929      6.86709      2.24549     -1.98039      4.42649      2.33586    -0.117329     -8.18567     -2.77641     -2.45213      1.49687    -0.985013     0.676782      2.69411    -0.288107      -2.5961     0.918454      2.00078    -0.864301        1.836       1.3608     -1.02294     -3.36924      1.93928     0.742993     -4.14835     -2.85114     -1.55629     -2.87468     -1.52681    -0.787099      1.63092     -10.9276     0.598802    -0.770425      4.10624     -1.98256      1.44681      3.06656      1.57633      2.42732     0.953594     -1.25138     -2.04949      -6.1696     -1.86581     -2.13769     -10.0595     0.362792      1.12805     -1.21772      0.93082      2.56713      2.75688
   -0.485945     -2.00699      2.56978     -1.26678      6.43414    -0.110097     -1.69392     -1.68639      1.26942      6.84616     0.855411    -0.850778      -6.6036      37.6328     0.043297     -1.49445     -1.70791      1.23208      3.10838     -8.14455      1.01363     0.911367     -3.79817     -2.14738     -1.33224     -5.12555     -2.51587     0.802828      2.12199     -3.45913      2.56593      -4.6258    -0.949939      4.32208      -1.6466      1.21297    -0.881175     -1.86041     -4.93054      5.37802      8.74406     -5.02683     0.809448      10.0473     -4.69802       2.3488     -1.76973      5.65442      3.39936      2.67624     0.663934     -2.22677     -2.84728     -5.04662      5.96727    -0.767589     -4.32251     -1.48058     -2.50244      4.70394      -3.7725     -5.87652     -0.42082      5.57153      1.77515     -5.51529      3.22721      4.32433      3.51182      2.12421    -0.759271      5.03736    0.0296161      -0.1344      3.70389     -3.56089      1.76745     -1.06724     -1.69445      3.16971      1.11527      2.52713    -0.738015     0.148265     -2.47729    -0.419323    -0.620795    -0.455397      4.23721      1.32995     -3.86747    -0.409404      3.90906      4.21661      3.17017      -3.7178     -1.83959     -4.63505      1.22607      1.26786      4.54866    -0.308276      2.23588     -6.84247     -5.73569      0.98362     -1.74464     -4.66238     -3.62702     -2.04227
   -0.614688     -2.15316      4.02703     -2.83158    -0.177051   -0.0321046    -0.411655    -0.743261      1.99524     0.312571     0.852386     -4.58971      2.62685     0.043297      28.8828     -1.72996      4.08556     -4.71965      1.09203    -0.577109      1.53982      7.56599     -2.19365     0.331382      3.55312      2.15664    -0.321814    -0.309284     -3.16601     0.230372      4.48133     -2.36032      1.94683     -1.02385     -4.54203     -2.07531     -4.31183    -0.854777      2.94104      3.88476      2.05091      4.08951     -9.05234     0.183272     -2.60808     -1.44527     0.450375    -0.424499       1.0863     -1.04544      6.14112  -0.00870969     -6.04466      1.86836      2.20211      5.47037     0.197155      2.65567       3.5457    -0.239389     -2.83368     -1.72572     -2.51159    -0.204205     -6.99033     -2.12173     -4.52149     -4.38876     -3.58115      4.04363    -0.857604     -4.51523     -5.87853      3.68385      0.45862      2.83432      2.28632      2.17774      1.59841     -1.85099      1.02291     -6.61724      1.10345     -1.22433     -1.68345     -8.29813      5.49176      3.29228     -1.23478     0.741418       1.0424    -0.950872      6.04115    -0.089078     -1.15707     -5.63262     -5.37191      3.38335     0.458989      1.39527     -1.39279    -0.975263     -1.26439     0.952879      9.54869     0.129026    -0.278699     0.256936      2.00795     -2.30051
    0.320055    -0.548771     0.246992      5.24619      7.46913     -1.85244     -3.30279     -1.52862     -5.15277      3.92881     -7.60627     -1.43377     -1.70676     -1.49445     -1.72996      35.4852    0.0179389     0.796823     -8.34948     -1.60955     -1.88194      1.73055      7.37774      4.39454     -3.57864       1.5098     -2.20575     -2.54002      2.40722     -5.28993     -5.80053     0.511161    -0.184249     0.329136      4.08021      4.69847     -1.35563      -3.6164     -8.18404      4.54548     -8.52974      3.30503      -1.8187     -1.94129      2.54694      1.43018      6.24627     -4.31972     -1.51196     -7.65631      2.99206      5.77287      2.61392    -0.215608     -2.43473     -7.35258     0.513776     -1.49332      3.01402      1.81109     -2.15776      4.18083     -2.75491     0.707515      3.41625      -1.7146     -8.36294    -0.801098     -6.95471        6.168    -0.040735    -0.490784     0.472906     -1.55316     -2.13442     -2.27601     -6.77104      1.43531     -3.76133      -1.4912     -1.72543     -0.35089     0.287683      1.17414      3.03579     0.134516      3.73686       2.3891      4.96138    -0.016149      6.85168      1.46666     0.710578       2.4384      1.77004    -0.179426      1.69528     -1.06034     0.196394      1.75163      2.73142      1.30515      1.89662    -0.214967     -4.99867    0.0424622     -1.28024     -4.05872     -1.88735     -6.96975
    -6.22916     0.947001     -2.87617     -1.43314      3.01642     -3.08265      2.11997     -6.93954      -6.4971     -3.82537      1.88509      1.76635     0.580042     -1.70791      4.08556    0.0179389      35.5765      -4.2969     -1.78476      1.94673     -1.57214      6.46396     -2.32813     -2.41072     -7.25148     -5.76063      -1.2566      7.85137      2.51523     -6.54573     -0.63735    -0.807106      1.46896      5.74252      3.64949     -4.96958     0.687286     -4.57495     0.617125      1.53231     0.362043      1.66205       0.2729     0.386118     -2.40692      -2.1281       5.5663      1.26267       -1.659     -4.16041      5.13783     -3.91662    -0.170419     -2.76472     -4.77921     -2.96443     -2.24257   -0.0532652      -1.6636     -2.84199     -6.31594      4.15833      1.35883     -2.83177     0.832509      2.17616      3.06314     -4.29604     -5.82381      -2.3876      1.37389     -0.79224     -3.10525      4.20245      6.21133      1.28977     -2.60533      3.88158      0.73312    -0.143427      -2.8085     -2.21276    -0.262425     -1.57596      -1.2145      1.41505      1.43606      3.70102      1.29971      2.62795     0.691972     -8.30582     -1.28472      7.56773       3.0411      4.39567      1.63234      1.19676  -0.00667093    -0.761848     -1.76309      4.14633      1.25221     -1.38654      1.89401     0.282954      1.95979      1.15878     -3.21541     0.157903
     2.69222     0.707883    -0.457349      1.30274      2.15358      1.33712      -8.0957       3.8387     -1.74034      0.59329     0.953364      11.8675     -5.48895      1.23208     -4.71965     0.796823      -4.2969      38.1412     -3.84519     -4.09665      2.40686     -5.39718     0.294961      1.86799     0.604245      3.77583     -4.91848       3.7626      7.02102     -2.54689    -0.533944     0.275606     -3.20548     -5.33038     -6.18994     0.122532      2.06896    -0.225518     -2.67384      1.15817      6.16216      1.77994      1.05775      4.48837      4.11879    -0.661167      2.36509      4.95648     -3.73603      2.29039     -2.45532    -0.300948     -1.80439    -0.200081     -4.34543      3.78291     -1.02325     -6.33699     -3.11889     -3.03479     -0.97954   -0.0280995      2.46523      2.29387      2.12221      11.5563      3.01771     0.908113      4.29328      2.49112    -0.768086      1.61168   -0.0894022     0.296757      2.51326     -2.25302      3.89582      1.06837      3.55521     0.986954    -0.890598    -0.101782     -1.98725      2.37534     0.809149      4.76851      1.35849     -3.11643      4.98907    -0.144686     0.792894    -0.704323    -0.777627     -3.64313     0.160851      -1.9806      5.37266     -2.20159      2.16317      4.23616      1.98433       2.1171      -2.1291      5.23291     -6.39117       1.9607     0.202915      1.31755      2.88815     -1.57503
     2.00017      5.76573      1.55563     -1.26264     0.240237      1.52895     -1.33898    -0.565473     -1.11639      2.15302     0.303104    -0.453291     -4.28893      3.10838      1.09203     -8.34948     -1.78476     -3.84519      38.3598      1.22854      3.44847     -2.40784    -0.826524     -1.21974      2.77612      4.57014      2.52276     -3.59325     -7.17403       4.6854      1.97799     -5.07101     -1.59612     -2.01021     -5.57394     -4.49208      6.47751      2.99078      2.45644     -3.41721      1.03734    -0.540084      0.92887      3.41824     -3.23069      4.07409    0.0413116       1.9451      4.64319     -3.40885     -2.01934      6.35636     -2.46513     0.371605      3.90436     0.204495      -1.4919     -3.97867    -0.312454     -5.42729      2.50268     -3.43966      3.93242     -2.17646    -0.326783      1.77946     -5.11411      1.82176     0.450308      2.05751     -6.63361    -0.213076     -2.04812      1.43738     -1.22984    -0.709724    -0.515781      3.46629      5.13664       6.4263     -3.93514      4.45251      2.67043     -1.46622     -9.56706     -3.06259     -4.00057      1.31147      1.20855      3.53833     -3.32016      7.46177     -4.17236     -2.94021     -3.78944     -0.12872      -1.3709     0.278537     -5.11901      3.35677      1.36589      -1.6725      3.81069      1.01252      5.56489     -1.18645     -2.45575      1.10743    -0.961663    -0.728366
   -0.189475     -3.90654     -3.11682     -1.79723     -1.11779     -1.25294    -0.303073     -2.79053     -2.15998      6.58413     -2.69309    -0.313262    -0.501319     -8.14455    -0.577109     -1.60955      1.94673     -4.09665      1.22854      38.8628     -3.15269     -3.35934       1.3608     -5.29334     -2.24876     -4.04815     0.539897     -5.02461      3.02924      5.51753     0.065231    -0.929538     0.909081      1.21501      5.16261     -6.79181      1.63326      4.05908    -0.396582     -4.81622     -4.98116      1.16474    -0.567567     0.542066      3.35379      2.58883     -7.98764      -0.9867      7.35114     -3.96448      4.03058      7.57128      5.08532      3.48562      -2.5257     -3.86485      2.17232     -0.99869     -4.55481     0.246209    -0.883738    -0.849427      0.18063      1.48774     -2.00657      1.37811     -6.75961      -4.3491    0.0217146    -0.927841      1.49813     -3.86916     -4.02788      4.73573     -5.32176     0.398933     0.717688      3.28288     0.457846     -3.40378      3.34539       2.8287      5.83119     -2.50758     -5.99651      3.02193     0.479377      2.96384     -2.77236     -1.00766      -1.3023      3.51124     -6.35414     -8.21535     0.892283     0.643393     -1.34382     -1.21602     -3.32952     -4.61541    0.0446372      3.81716      3.36514       1.2556     -3.63253     -2.35549      5.93143    -0.811011      1.02629    -0.254955
     -2.2805     0.827865     0.427596     -3.74244     -5.22653      1.25397      4.67204     -2.80791      2.09223    -0.582979      1.28783      1.85039      3.62938      1.01363      1.53982     -1.88194     -1.57214      2.40686      3.44847     -3.15269      34.1922     -5.41893     -1.64314     -2.06345      6.70219      7.78605      2.02523       2.4817      3.81897     -2.67324      1.86961     -0.83633     -1.54637     -5.91334     -1.67195    -0.346313   0.00287222     -3.11741      3.04273     -3.87987     -2.73731      3.55901    -0.601184     -4.92623     -1.13306      2.27006     0.392662     -1.40577     -1.70694     -2.81892     0.780336     0.284622       2.1593      2.31661     -7.50529      3.42517     -3.27025      1.16803      1.11686      1.48814      -5.8625      2.19456      6.83012     -6.58573     0.043479       5.1451      2.04944       3.2064      3.89557    -0.534922      0.88605     -6.10267      1.55299      2.85973     -6.38526     -3.41319      3.21859      1.19111      2.17991      6.00747      1.18111      -3.9294    -0.162083       3.2026       2.1138      1.18195     0.699422    0.0684058      5.48994     -3.40271     -1.58085     -2.28277    -0.375886     -2.64949      2.35433     -6.59035    -0.884618     -2.14088      3.84142      3.91959      1.97365     0.866465     -2.66837     -6.41152     0.628503     -1.23057     -3.14639     -2.40006      4.34381      3.88986
    -8.90638     -1.24971      1.81074      1.48636     0.470257      5.46191     -2.85903      -3.0517    -0.324582      1.06937      2.57306     -5.30008      4.86059     0.911367      7.56599      1.73055      6.46396     -5.39718     -2.40784     -3.35934     -5.41893      37.1996     0.851713       1.3424     -3.05206     -3.22576     -4.46613      5.07735    -0.271383    -0.348702     0.726467      6.18155      2.68822      2.04511      1.90123       4.7074    -0.122065     -1.33409    -0.169657      2.04871     -2.09196     -4.67771     0.888106      3.47991     -2.51438      0.60383    -0.056042     -1.94129     0.173826     -1.25385      5.61377      2.27919     0.122933     -3.10789      1.15936      2.90651     0.286655      4.17879     -4.00689      6.95225      4.63504     -2.25048      -4.4771      1.56948    -0.719945    -0.267705     0.683633     -1.78548     -7.72461     -1.16378     -1.14737       2.9419     -1.01162      1.60177      -1.8015      5.44595        4.974     -1.26853     0.988052     -1.87558    -0.205179     -1.39519      3.71598     0.202409      5.16774     -3.03912      1.84604      5.56475     -6.17114      1.50641    -0.684393    -0.924879      4.94505     0.599168     -4.97395      1.38263     -3.94652    -0.173374     -3.85263      5.19829     -1.29576     0.895603   -0.0569776     -5.05312      2.28258     -4.13924     0.642599     -4.78988      2.23836     -2.44527
    -2.31235      1.11962     -2.14494      1.54941      -2.5403     -4.12697     -2.38384     -3.72808     -3.72788     0.326926     -2.20969      1.91096    -0.933449     -3.79817     -2.19365      7.37774     -2.32813     0.294961    -0.826524       1.3608     -1.64314     0.851713      33.0918     -0.15931     -0.84524     -3.66246      2.74457      8.16957      1.09523     -2.56219     -4.49569    -0.351185     -3.58419    -0.719284     -1.22344     -3.47046    0.0804261      2.68446    -0.679489     -6.80634      1.20344     0.133233     -1.79863        3.058       5.0724     -3.30965     0.598448    -0.425152      4.35661     -2.10966      2.54179     0.104493      1.30313     0.518964   -0.0120452     0.464707     0.221845      3.74895     -6.13769      1.46243      1.22032     -2.34415      2.54961    -0.308254      2.46137     -2.51511     -5.48298    -0.592895     -2.94238     -7.96514      1.17303      0.46399     -1.33427     -1.71452     0.342159    -0.119442     -2.03442     0.267574      2.06661    -0.537568     0.215807      5.03363      6.79983       3.2195      2.73908      5.23373    -0.792923      2.42677      1.47877     -6.40872    -0.258921     -3.08054     -1.26977      -2.6078      1.79106    -0.101827      2.99436     -3.00147    -0.769901     -6.49308      2.50585      3.32939      0.32455     -1.16666     -1.11302     -3.04017      2.23933        3.398     0.815731     -2.23136
   -0.253344       1.3348     0.318248      7.60769      8.23851      1.80514     -3.44697      1.50723    -0.550166     -3.23236     -2.97973      2.62461      3.94625     -2.14738     0.331382      4.39454     -2.41072      1.86799     -1.21974     -5.29334     -2.06345       1.3424     -0.15931      41.5681      3.91849      -2.3533     -2.02501    -0.585766      3.09191      -5.3437    0.0814739      4.33414     -1.90276     -1.14025      1.32735      2.74359      -3.9754      3.08972      1.00688      5.65521     -6.25135     -4.07273     -3.82887     -6.10752    -0.744398      6.30686      8.23514     0.329816     -0.89216     -4.19833    -0.625981     -3.40359     -1.50815     -2.46496      5.16649     -1.35898     -1.19134     -3.87336       6.6122     0.139218      1.60785     -4.36761    -0.641933     0.604026     -2.90347     -5.67645     -2.08775      1.03194     0.418351      1.21214     -3.72641     -2.12877      1.22262    -0.428912    -0.757986     -5.23432    -0.832597      3.49468     -2.16957      1.12862     -3.13129       1.9358     -1.08581    -0.528214     -2.17909     -1.87359     -2.78977     -3.04316     -2.59004      3.59535      2.95737      3.87866      2.69126    -0.256833      2.89336      2.98604      4.04331      5.97153      4.39809     0.304546      -1.9116     -7.86139     -0.63645      1.46114     -3.36072     -3.53857      3.23965    -0.854283     -4.25275      4.57013
    0.154974     -3.20888     -3.81402      3.62402      4.90899      2.49945     -5.76883     0.186398    -0.603758      2.07579      1.90147    -0.770107      4.80839     -1.33224      3.55312     -3.57864     -7.25148     0.604245      2.77612     -2.24876      6.70219     -3.05206     -0.84524      3.91849      36.6962      3.88898      3.73313     -3.33418     -2.61487      2.13004      1.35604      -2.9984     -2.03732    -0.322706     0.158483     -2.68725    -0.676548      2.01396      1.96314     -1.20186      5.19669     0.589316     -1.34913     -3.85908      7.48054     -1.97217     -1.11438     -1.77622     -1.02228     0.484124    -0.173832     -1.34482     -2.84663     -1.38432     -4.72498     -2.57881      1.94042      5.74661     -2.80018     0.205711     -1.03211    0.0324127     -3.90303     -4.64785     -4.04187     -1.80259     -4.33145    -0.713145     0.182313     0.012372      0.48791     -2.86548    -0.293563     0.892833      5.30326     0.483586      2.00505     -1.07481     -5.70159      3.09069     -1.31668    -0.146882    0.0267792      2.57107      2.30363     -2.25437       2.0853    -0.348681    -0.519762     -2.95909    -0.585056     -1.79148      2.19404    -0.855255      1.91224       -2.452       2.5919      2.83453      2.92055      5.07585      5.21934     -1.48426      1.90669     -4.11785      1.39442     -6.47093     -2.42034     -1.61193      6.95445      4.48073
     1.55348      -1.7744      6.72142    -0.385074     -0.13709       -1.088     -5.18394      6.98788      2.60388      2.33086      1.24469      3.21074      2.78669     -5.12555      2.15664       1.5098     -5.76063      3.77583      4.57014     -4.04815      7.78605     -3.22576     -3.66246      -2.3533      3.88898      39.1468      1.16056    -0.871846     -1.49419     -1.95208      -1.5544     -7.31537   -0.0687545     -5.58154     -3.89994      0.59832      3.67487      4.43741      6.39344     0.802137     -3.01169      2.17494     -3.78072     -6.08903     -3.53077     0.347033      5.86951      -6.3204     -2.33714     -3.85441      3.57448      1.57741    -0.642762      1.39217    -0.231762      2.52659     -5.91475     -2.29185      3.96464    -0.541584      1.14968      0.23989      1.27448      4.27345      3.31959      4.47081     -1.39627     -2.30443     -3.25344     0.953539     -1.49894     -4.42567     -3.89319     -1.16714     -1.96595     -1.22175      3.33477      3.27695      1.09251     -2.26538      5.84627     -2.74551     -1.94025      5.46959     -1.45953     -1.54151     -1.26116     0.967848      4.44593     -4.59773      4.94281     0.821557      2.33702       2.0913     -5.33644     -9.94077     -4.33864      3.48627      1.44696     0.126148      -1.7045      2.11188      2.60691      2.03158    -0.542685      6.96743     -7.39874      4.09012     0.927829      2.85468
   0.0361465      2.86377      3.58484   0.00646841    -0.771472     -2.54335     -1.75398    -0.442111     -5.26544     -1.97835      4.23655     0.221941     0.288623     -2.51587    -0.321814     -2.20575      -1.2566     -4.91848      2.52276     0.539897      2.02523     -4.46613      2.74457     -2.02501      3.73313      1.16056      35.3472    -0.534889     -4.32648     -9.15193     0.678844     -1.58736     -4.94444    -0.414611     -1.11625      4.58515      -1.6487     -3.18291      5.53941      1.42202      2.32327      4.81665     -3.89727      5.18656      3.74431     -1.58092     -3.90932     -1.55766     -3.52682      1.64118     -2.86121      14.0268      4.48698     0.978154      3.31841     0.431695     0.883468      2.30978     -3.76088       2.8324     -5.35434     0.756288     0.603952     -4.46336     0.593009     -1.94036    -0.541453     -7.22132      2.26702    -0.879219     -6.77235     -1.15012     -2.92891      1.72685     -4.01419        2.126    -0.328656     -1.21856     -1.00319     -1.22607       3.4259     -5.43809     -2.66544    -0.164692    -0.251547      4.20098      2.10188     -7.63122    -0.854134     -3.22173     -2.32009     -1.43783      -4.1163     -8.74751      4.54445     -2.21153      1.96218      -6.5908       2.7143    -0.832783      4.02139     -7.02391      3.82306     -4.96175      5.37317     -6.74974     -2.39659      3.87697      2.96897    -0.397462
