    13.9138   -0.952998     3.26047    -2.29595     1.12087     1.51403    -2.06662     1.45154     1.68757    0.531106     2.76788     2.66691     3.31454    0.809929     3.04035    0.763495     -2.3725    -2.11575  -0.0354746    -1.60859     1.93082    -2.92337     1.30844    -1.21717    -5.24679   -0.860236    -3.47951   -0.437029    -3.37186     2.05549     1.20287    -4.61058    0.717662     1.65742    -0.19231    0.816477     2.26096      1.5109     1.25552    -2.21847    -3.87576     2.37148   -0.546065   -0.898448    0.400209     4.71149  -0.0367687  -0.0234873     1.92198   -0.957439
  -0.952998     13.3948   -0.986892    -2.51151   -0.556775     1.49636    -2.83413    0.758975     1.00599    0.664119   -0.124724    0.187036    -1.59747     1.37496    -2.24972   -0.144527   -0.605916     1.32089    -1.71773     3.61609     3.18002    0.929883     1.90031    0.709144     3.32907    -2.99578    -6.41457    0.896372   -0.388591     0.85479    -1.31257    -1.50077    0.961882    -3.08841     -1.8407    -4.78692     1.57142    -0.35683   -0.707843    -2.07401      3.3482     1.46079    -1.86268    0.604662     2.60029    -3.01383     2.36843   -0.904034    0.750105     3.11293
    3.26047   -0.986892      15.007      1.3438     3.02587     3.21229     2.09451    -1.08771    0.665309     1.48425    0.764983     2.29155    0.354145    -3.09791     2.93539     2.68843    0.477544    -8.04933    0.423917    -2.19352   0.0147535     1.84324    0.989949     1.18519   -0.375792    -1.91865    -3.29075     2.46815     1.69917     1.26726     2.87889    -3.68746    0.435033     3.76954     1.44275    0.234551    0.613667     2.95366      1.8094   -0.546169    -1.72286    0.593271     1.42912     1.72049     4.54916     0.17364    0.177038     -3.2693     1.23617     1.44073
   -2.29595    -2.51151      1.3438     15.2053    0.677507   -0.295588     1.14945     1.77327     4.29649     2.22747     -1.5233    -1.01386     2.25413     1.32567   -0.561688   0.0905114     1.32893     -1.2302    -1.77888   -0.982314     -5.4676    -1.15096    -6.36143    0.371575     3.08139    -5.07761    -1.97186     2.28692    0.617088     2.73194     2.66875     -1.4967   -0.834463   -0.672865     -4.1827     2.58769    -5.87731    -5.82886     1.03037    0.990668     2.40974    -3.41964    -2.85077     2.47016   0.0536177     2.26972    -2.18965      2.4584    -1.02929    -1.20063
    1.12087   -0.556775     3.02587    0.677507     18.1844    -2.28326    -2.60601     2.97913    -1.12868   0.0826574     2.57574    0.157055     1.78092     2.03451   -0.530627     3.67377   -0.814183    0.147151   -0.900381     2.17824     2.00558     1.89917    -1.31301    0.776535   -0.203785     1.58288    -3.20797     4.25456    0.102675     4.75931    -3.90215     1.78224     3.67549    -1.60191    0.341809     3.66671   -0.668729     2.51614   -0.906401     2.94904    -3.37749    -2.10164    -5.34967    -2.78832   -0.740209    -2.96293     2.73499    -0.38337   -0.232593    -1.41562
    1.51403     1.49636     3.21229   -0.295588    -2.28326      15.836     2.45443    0.426966     2.79194   -0.553877    -2.53395    -3.31454    -1.15174    -4.98115     1.28487      -5.575    -3.43358  -0.0912155   -0.606586    -2.50324    0.102126   -0.413961     4.18171    0.276281   -0.508354    0.315189    -2.13167     1.54069     1.48183    -3.82613     2.58949   -0.693234    0.218741     2.58417     -2.1953     1.52877     1.74047   -0.181786     2.98372   -0.426403     1.07243     -1.6493     3.25466     1.39534     4.58636    0.995494   -0.237026    -2.73734    0.349849     4.03936
   -2.06662    -2.83413     2.09451     1.14945    -2.60601     2.45443     21.5403    -3.45583     2.59181     -0.6745     1.19006    -5.16962    -1.37894     -1.0139   -0.512553    -4.93882     4.16179    -2.08803     2.39771     1.96693    -3.25496    0.159574      4.6581    -3.90133    -2.58866     4.36449     5.42079   -0.750957    -2.31687    0.171766     1.74408      1.1532     -1.9211     1.06034     2.13972    -4.07278    -3.22168    -2.28482     2.48304    -2.58811    0.440798    -4.16207     1.45739    -2.16505    -1.06953   -0.128088    -1.17174     1.42177  -0.0610598   -0.927881
    1.45154    0.758975    -1.08771     1.77327     2.97913    0.426966    -3.45583     13.5718    0.137508    0.108831    0.425053    0.397386    0.661724    0.545383   -0.818625    0.956898    -3.01287     3.59533   -0.435354     3.56063     2.19108     -2.3123    -1.62204   -0.718465      2.8966   -0.890201     -1.0002   0.0882617     1.09333   -0.699335     1.43117    0.630231    -2.97908    -2.01458    -2.81343    -1.08643    -2.20978     -2.0491     1.53684     4.77859     4.68089     1.38439    -2.43956    0.888711   -0.666792   -0.216149     -4.3492     2.65267    -1.98325   -0.128145
    1.68757     1.00599    0.665309     4.29649    -1.12868     2.79194     2.59181    0.137508     17.0594    0.520841    0.925978     -1.9917    -2.10526    0.650054    -1.03885     0.36995     3.63225    -1.75191     2.63193    -2.33945     1.33148    -3.03401     1.16186     2.05847    -2.07984     1.71593    -1.67437   -0.382252   -0.992953    -1.35458    -1.88854   -0.277077   0.0723523     2.38598  -0.0693277   -0.572669   -0.282929    -1.88996     3.55531   -0.918819     4.59089    -4.16006    -1.79218     2.29015     3.15484    0.379232     4.26932    -1.65703   -0.680304     2.24306
   0.531106    0.664119     1.48425     2.22747   0.0826574   -0.553877     -0.6745    0.108831    0.520841     14.5963    -8.26923     5.27075    -4.28475     -2.0815    -1.74733    0.129714    0.713517    -1.98887   -0.597654   0.0263614    0.999448    -2.97607     1.82327     1.23481   -0.389592    -2.51116   -0.406159     1.80637   -0.992758    0.574624     3.76423   -0.816454    0.810999   0.0520172      -1.126   -0.262881   -0.876001   0.0837308   -0.522296     3.08604   -0.250443    -2.49975     -1.8426     3.49476    -1.55718     1.46742    -2.66088    -1.34984     1.36559   -0.839666
    2.76788   -0.124724    0.764983     -1.5233     2.57574    -2.53395     1.19006    0.425053    0.925978    -8.26923     16.7271    -2.37704     3.19796    0.715615     4.55916    0.384524     1.21154    -2.55578    -0.11664    0.430077     3.50079     2.63434   -0.992376    -3.17544     2.78696     3.92283 -0.00614678    -2.02612   -0.265089     1.85432    -1.11323    -1.45221   -0.843113    0.797506      1.2779    -2.24202    -1.18659     2.03299    0.663837    -4.12416    -2.26183     1.44878    0.983661      -2.269    0.573642    0.777765    0.681803     -1.5463    -4.41945    -1.76481
    2.66691    0.187036     2.29155    -1.01386    0.157055    -3.31454    -5.16962    0.397386     -1.9917     5.27075    -2.37704     18.4983     5.72732     2.19461     -2.4429     2.34673    0.325018   -0.282639    -1.22855   -0.470223     5.38533   -0.426442    0.460358     1.43017   -0.201015   -0.536325    -1.36776   -0.539551    -1.83546     1.35192    -2.01748    -1.04748    -3.34108    0.157069    -4.89509     -2.5931     3.81929   -0.323248     1.91588    -2.63557   -0.908105   -0.157486    -4.11775   -0.590376    -1.87229    0.214925    -1.02953   -0.230631     2.36568    -3.43514
    3.31454    -1.59747    0.354145     2.25413     1.78092    -1.15174    -1.37894    0.661724    -2.10526    -4.28475     3.19796     5.72732     22.0729     6.70185   -0.460232    -2.15429    0.614893     1.81137   -0.330205    -4.16322     0.75224     1.41186    -3.32824    -5.94572   -0.239515      3.3834     4.85378     1.46265    -2.03689     4.86342    -1.79361    -2.45477    -3.44828   -0.462201    -3.88379     2.43919      1.8768     -3.9173    -3.81487    -4.19325    -4.88859   0.0906792    -2.07893     -4.8264    -3.08041     1.40334    -3.18681     2.97074   0.0349368    -3.41125
   0.809929     1.37496    -3.09791     1.32567     2.03451    -4.98115     -1.0139    0.545383    0.650054     -2.0815    0.715615     2.19461     6.70185      19.027    -3.50908    -2.18338   -0.236523      2.6999     4.41734     4.07026    -2.44687    -0.56415    -3.00696    -3.86512   -0.805529   -0.620956     3.72936    -2.63699    -4.14148      1.9255     -4.9479     3.49958    -2.09942    -1.11355    -4.36493    -2.57735    -0.49003    -3.84157    -3.66672    -2.16753    -2.32047   -0.821181    -2.31338    -2.10552     -3.5906   -0.262076     2.75554     1.43072     0.84737    -2.10031
    3.04035    -2.24972     2.93539   -0.561688   -0.530627     1.28487   -0.512553   -0.818625    -1.03885    -1.74733     4.55916     -2.4429   -0.460232    -3.50908     15.5762     1.23682      1.0352    -1.44687    -1.91078     -1.1613    -4.37427     3.70172   -0.113747    -3.08978   -0.331858     2.04121    -2.37676    -2.04926     1.16157     4.22744     2.61854    -1.94602    0.676662     2.17923     4.15671     3.99342     1.23553      4.1968     1.23854    0.254328    0.124883     2.69615     1.06285    0.939241      1.4448    0.370346    -2.30166    -4.30107    -3.49847     1.31738
   0.763495   -0.144527     2.68843   0.0905114     3.67377      -5.575    -4.93882    0.956898     0.36995    0.129714    0.384524     2.34673    -2.15429    -2.18338     1.23682     17.9427   -0.353011    0.816305  -0.0960877     1.67898     1.96841    0.807181    -1.00909     1.64539    -1.24562   -0.217485    -4.95155     -1.5497     1.33982     2.65781    -1.98512     -3.6558      3.9513   -0.665282     0.13487     2.28843     0.84219     3.11325     5.71533     3.50277     1.61738   0.0621884    0.678894     3.24438    0.257366   -0.971249     2.28036 -0.00443309     3.60819    -1.19286
    -2.3725   -0.605916    0.477544     1.32893   -0.814183    -3.43358     4.16179    -3.01287     3.63225    0.713517     1.21154    0.325018    0.614893   -0.236523      1.0352   -0.353011     17.3591    -2.67112   -0.208711   -0.965247     -5.2514     -2.3786    0.820368    -4.73169    -1.87888    0.391303   -0.528391    0.589516    -2.28938     2.31678   -0.192505     3.76516     1.56677   -0.735544      1.6509    -1.64561    -3.66224    0.502344      1.4883    -1.92186    -1.47086    -2.12821    -1.74206    -2.75295    -4.73307     -2.5096     1.16362    0.496311    -3.02178     -2.5344
   -2.11575     1.32089    -8.04933     -1.2302    0.147151  -0.0912155    -2.08803     3.59533    -1.75191    -1.98887    -2.55578   -0.282639     1.81137      2.6999    -1.44687    0.816305    -2.67112     16.0096     1.59865     1.25447   -0.996786      1.5229   -0.961624    -1.30682   -0.645927   -0.163254     2.02685    -2.40284    0.177822   -0.315425    -2.12021     2.88451    -3.29904    -2.32044    -3.32787     1.96914     2.67084   -0.746688   -0.161479     3.39068     1.71721    -2.36883    0.261014   -0.980428    -4.30085    -1.79481   -0.821211     4.47617    -2.10143    0.150639
 -0.0354746    -1.71773    0.423917    -1.77888   -0.900381   -0.606586     2.39771   -0.435354     2.63193   -0.597654    -0.11664    -1.22855   -0.330205     4.41734    -1.91078  -0.0960877   -0.208711     1.59865     14.6373     1.47881    0.504225    -1.92777    0.833924     -1.1141     1.93668    0.893723     2.06864    -8.24164    -2.60815    -4.07075    -1.04128     4.85832   -0.356805      1.8354    -1.05207    -3.36686    0.678229    -2.38316     2.71235    0.801664   -0.536368    0.556653   -0.443356     2.38688     1.88007    -1.29491     4.81753     2.27728   -0.829836    0.699423
   -1.60859     3.61609    -2.19352   -0.982314     2.17824    -2.50324     1.96693     3.56063    -2.33945   0.0263614    0.430077   -0.470223    -4.16322     4.07026     -1.1613     1.67898   -0.965247     1.25447     1.47881     14.2952   0.0237024    -1.66929   -0.808555    0.148106    -1.55203    0.293254   -0.834189   -0.684119     1.02033    -2.16955    -1.38128     2.63459     3.13546    -1.61129    -1.36132    -7.43604    -2.24939    0.637976      3.3355    0.304844      3.5876    -1.23921    -1.49371    0.428738   -0.344764   -0.317778     1.10822     2.09534    0.930288    -2.46729
    1.93082     3.18002   0.0147535     -5.4676     2.00558    0.102126    -3.25496     2.19108     1.33148    0.999448     3.50079     5.38533     0.75224    -2.44687    -4.37427     1.96841     -5.2514   -0.996786    0.504225   0.0237024     19.7677     1.45379   -0.904067     2.04878     1.21197       3.209   -0.016801    0.910885    -4.83214    -2.11008     -5.5009    -1.82011    -2.20893    0.306594    -2.66951     -4.0947     3.22701     1.66614    -3.60894    0.966558    0.732421     1.61749     1.47527    0.896866     1.68733    0.490527      1.7799   -0.865398     1.98755     2.86496
   -2.92337    0.929883     1.84324    -1.15096     1.89917   -0.413961    0.159574     -2.3123    -3.03401    -2.97607     2.63434   -0.426442     1.41186    -0.56415     3.70172    0.807181     -2.3786      1.5229    -1.92777    -1.66929     1.45379     14.6813    -1.12058    -2.70691     2.24797    -1.92233   -0.806597     2.75648    0.858621     8.09975    -5.12112   -0.312649    -1.95195   -0.713211     1.31964     2.50144     1.23603    0.760661     -3.7286     0.93368    0.344412   -0.135361      2.7076   -0.722854     4.58203    -3.88997  -0.0355544    -1.26433    -1.09285     3.84862
    1.30844     1.90031    0.989949    -6.36143    -1.31301     4.18171      4.6581    -1.62204     1.16186     1.82327   -0.992376    0.460358    -3.32824    -3.00696   -0.113747    -1.00909    0.820368   -0.961624    0.833924   -0.808555   -0.904067    -1.12058     13.3905   -0.950187   -0.223801     1.71712   -0.778594    -2.19375    0.558559    -2.52275   -0.878852    0.400196     1.19494      1.3731     2.74539    -1.97915   -0.211145     3.29562      3.7738     -1.5259      1.3001   -0.525734    -2.22703     2.26348    -1.06068    -1.65925   -0.612531   -0.270638    0.724386    0.683999
   -1.21717    0.709144     1.18519    0.371575    0.776535    0.276281    -3.90133   -0.718465     2.05847     1.23481    -3.17544     1.43017    -5.94572    -3.86512    -3.08978     1.64539    -4.73169    -1.30682     -1.1141    0.148106     2.04878    -2.70691   -0.950187     18.7121    0.393316    -4.12444    -3.41433     3.91222     1.49469    -4.33271   -0.301067   -0.849881     3.07095   -0.390447    0.951061     -0.4299     2.05266   -0.487264      3.0893     4.56063     3.36808   -0.760412   -0.477801    0.548473     4.20896    -1.44436     4.25668    -3.16119     1.79241     1.65643
   -5.24679     3.32907   -0.375792     3.08139   -0.203785   -0.508354    -2.58866      2.8966    -2.07984   -0.389592     2.78696   -0.201015   -0.239515   -0.805529   -0.331858    -1.24562    -1.87888   -0.645927     1.93668    -1.55203     1.21197     2.24797   -0.223801    0.393316     19.6522     1.27009    -2.50346    -1.77036      2.1072   -0.200114    0.548325     3.44487    -1.26856    -1.43327    -3.74923    -2.44085    -1.92251    -3.18953   -0.246577     1.57599     1.99927     4.35605    -3.91514     4.29235     2.23717     0.38347      1.6079     2.06207    -2.30599     2.45334
  -0.860236    -2.99578    -1.91865    -5.07761     1.58288    0.315189     4.36449   -0.890201     1.71593    -2.51116     3.92283   -0.536325      3.3834   -0.620956     2.04121   -0.217485    0.391303   -0.163254    0.893723    0.293254       3.209    -1.92233     1.71712    -4.12444     1.27009     19.7816     6.33956    -2.29533     1.13469    -2.44677    -2.45567     3.71957    0.805847     1.68765     1.49938     0.10565     4.43732     2.40896     1.49787    -2.90211    -3.21036     1.00861    -2.54902    -1.02375   0.0582012      1.7384    0.784811     -0.2247       1.548    -3.02945
   -3.47951    -6.41457    -3.29075    -1.97186    -3.20797    -2.13167     5.42079     -1.0002    -1.67437   -0.406159 -0.00614678    -1.36776     4.85378     3.72936    -2.37676    -4.95155   -0.528391     2.02685     2.06864   -0.834189   -0.016801   -0.806597   -0.778594    -3.41433    -2.50346     6.33956     19.5205   -0.164608    -1.23959    -2.76081     1.63604    0.664953    -2.23604    0.814506   -0.517776    -0.23962    0.331633    0.752262    -3.27431    0.677723    -2.16534   -0.608677     2.45057    -2.87808    -3.64265      1.7793    -6.72846    -2.27486    -3.50065    -2.94749
  -0.437029    0.896372     2.46815     2.28692     4.25456     1.54069   -0.750957   0.0882617   -0.382252     1.80637    -2.02612   -0.539551     1.46265    -2.63699    -2.04926     -1.5497    0.589516    -2.40284    -8.24164   -0.684119    0.910885     2.75648    -2.19375     3.91222    -1.77036    -2.29533   -0.164608     17.1306    0.458503      1.2178    -2.87229     -1.2499     2.31834    -2.37321   -0.669141     2.38452    -1.42797  -0.0665645    -1.35311     3.16554  -0.0122418    -3.50552      2.6471    -1.14816    0.864808     1.27279    -2.40366    -4.31109    0.976499     1.24362
   -3.37186   -0.388591     1.69917    0.617088    0.102675     1.48183    -2.31687     1.09333   -0.992953   -0.992758   -0.265089    -1.83546    -2.03689    -4.14148     1.16157     1.33982    -2.28938    0.177822    -2.60815     1.02033    -4.83214    0.858621    0.558559     1.49469      2.1072     1.13469    -1.23959    0.458503     15.6777   -0.186119     2.80861    -1.74331     2.43253    -1.62383   -0.587706     2.96356     2.38755     1.88308   -0.287279      1.6873     3.09524     1.29037    -2.58179    0.354815     2.38045    0.731048     -2.4038   -0.762581    -1.34075   -0.344804
    2.05549     0.85479     1.26726     2.73194     4.75931    -3.82613    0.171766   -0.699335    -1.35458    0.574624     1.85432     1.35192     4.86342      1.9255     4.22744     2.65781     2.31678   -0.315425    -4.07075    -2.16955    -2.11008     8.09975    -2.52275    -4.33271   -0.200114    -2.44677    -2.76081      1.2178   -0.186119     17.3209    -2.78835    -2.86904    -1.96922     1.18164   -0.640613     4.41766   -0.704755     0.51266    -5.17533    0.814187    -2.73781     2.34042    -2.11088     -1.2189     1.51353    -2.29474   -0.463959     1.23802    -2.47494   -0.815648
    1.20287    -1.31257     2.87889     2.66875    -3.90215     2.58949     1.74408     1.43117    -1.88854     3.76423    -1.11323    -2.01748    -1.79361     -4.9479     2.61854    -1.98512   -0.192505    -2.12021    -1.04128    -1.38128     -5.5009    -5.12112   -0.878852   -0.301067    0.548325    -2.45567     1.63604    -2.87229     2.80861    -2.78835     17.3083     -2.7494    0.246249    -1.37604     3.35246     2.38949    -2.08357    0.187078    0.746317   0.0883174     1.88261   -0.469535     2.91726    0.802609    -1.69177     1.52773    -4.31816   -0.387987    -1.80705   -0.956918
   -4.61058    -1.50077    -3.68746     -1.4967     1.78224   -0.693234      1.1532    0.630231   -0.277077   -0.816454    -1.45221    -1.04748    -2.45477     3.49958    -1.94602     -3.6558     3.76516     2.88451     4.85832     2.63459    -1.82011   -0.312649    0.400196   -0.849881     3.44487     3.71957    0.664953     -1.2499    -1.74331    -2.86904     -2.7494     14.4445    0.252597     2.62561    0.200519    -2.55887    -2.44857  -0.0887997      2.7147   -0.599948   -0.618096     1.45331    -3.07556   -0.113634    -2.59675   -0.653104      4.2303     2.26357    -2.69197    0.870574
   0.717662    0.961882    0.435033   -0.834463     3.67549    0.218741     -1.9211    -2.97908   0.0723523    0.810999   -0.843113    -3.34108    -3.44828    -2.09942    0.676662      3.9513     1.56677    -3.29904   -0.356805     3.13546    -2.20893    -1.95195     1.19494     3.07095    -1.26856    0.805847    -2.23604     2.31834     2.43253    -1.96922    0.246249    0.252597       15.56    -3.40494      1.0862   -0.328947  -0.0829938     2.46461     5.11842    -1.78854    -1.50857    0.230094    -3.38232     2.55257     1.14281     1.98162     2.50929    -2.78111     3.26085    0.333777
    1.65742    -3.08841     3.76954   -0.672865    -1.60191     2.58417     1.06034    -2.01458     2.38598   0.0520172    0.797506    0.157069   -0.462201    -1.11355     2.17923   -0.665282   -0.735544    -2.32044      1.8354    -1.61129    0.306594   -0.713211      1.3731   -0.390447    -1.43327     1.68765    0.814506    -2.37321    -1.62383     1.18164    -1.37604     2.62561    -3.40494     16.7139     1.17226    -2.18781    -0.36712     2.73954     1.38583     0.25415    -5.43791      4.0996     2.94139     1.90269     3.76551    0.921672     1.86989    0.230246    0.498525    0.947584
   -0.19231     -1.8407     1.44275     -4.1827    0.341809     -2.1953     2.13972    -2.81343  -0.0693277      -1.126      1.2779    -4.89509    -3.88379    -4.36493     4.15671     0.13487      1.6509    -3.32787    -1.05207    -1.36132    -2.66951     1.31964     2.74539    0.951061    -3.74923     1.49938   -0.517776   -0.669141   -0.587706   -0.640613     3.35246    0.200519      1.0862     1.17226     15.3792     1.57896     1.68716     5.28083   0.0782819    0.315014    0.453118    0.620297     3.16421   -0.665137    -1.14669    -4.62843    0.719147    0.675212     1.05152    0.216935
   0.816477    -4.78692    0.234551     2.58769     3.66671     1.52877    -4.07278    -1.08643   -0.572669   -0.262881    -2.24202     -2.5931     2.43919    -2.57735     3.99342     2.28843    -1.64561     1.96914    -3.36686    -7.43604     -4.0947     2.50144    -1.97915     -0.4299    -2.44085     0.10565    -0.23962     2.38452     2.96356     4.41766     2.38949    -2.55887   -0.328947    -2.18781     1.57896     15.5801      1.6606     1.58602    -4.63209     2.05648    -3.43732    -0.69031    0.754932   -0.680461   -0.928602    -1.64702    -2.53706   -0.893881   -0.516426   -0.972857
    2.26096     1.57142    0.613667    -5.87731   -0.668729     1.74047    -3.22168    -2.20978   -0.282929   -0.876001    -1.18659     3.81929      1.8768    -0.49003     1.23553     0.84219    -3.66224     2.67084    0.678229    -2.24939     3.22701     1.23603   -0.211145     2.05266    -1.92251     4.43732    0.331633    -1.42797     2.38755   -0.704755    -2.08357    -2.44857  -0.0829938    -0.36712     1.68716      1.6606     15.0285    0.531507   0.0670312   0.0220411    -2.76587     2.69765   -0.632897    0.388379     4.20389    -3.14034     1.80568    -2.14819     2.87336    0.609167
     1.5109    -0.35683     2.95366    -5.82886     2.51614   -0.181786    -2.28482     -2.0491    -1.88996   0.0837308     2.03299   -0.323248     -3.9173    -3.84157      4.1968     3.11325    0.502344   -0.746688    -2.38316    0.637976     1.66614    0.760661     3.29562   -0.487264    -3.18953     2.40896    0.752262  -0.0665645     1.88308     0.51266    0.187078  -0.0887997     2.46461     2.73954     5.28083     1.58602    0.531507      14.793    0.861329   -0.619507    -1.42486     2.32326     2.01665    0.196464    -4.81393     1.19117    -1.50874    -1.81109    -2.39264    -1.49589
    1.25552   -0.707843      1.8094     1.03037   -0.906401     2.98372     2.48304     1.53684     3.55531   -0.522296    0.663837     1.91588    -3.81487    -3.66672     1.23854     5.71533      1.4883   -0.161479     2.71235      3.3355    -3.60894     -3.7286      3.7738      3.0893   -0.246577     1.49787    -3.27431    -1.35311   -0.287279    -5.17533    0.746317      2.7147     5.11842     1.38583   0.0782819    -4.63209   0.0670312    0.861329     16.8304   -0.558244     2.19972    -0.89943    -2.96636     2.24862     1.17635     2.91884     1.62411    -1.32269    -1.44362    -2.07606
   -2.21847    -2.07401   -0.546169    0.990668     2.94904   -0.426403    -2.58811     4.77859   -0.918819     3.08604    -4.12416    -2.63557    -4.19325    -2.16753    0.254328     3.50277    -1.92186     3.39068    0.801664    0.304844    0.966558     0.93368     -1.5259     4.56063     1.57599    -2.90211    0.677723     3.16554      1.6873    0.814187   0.0883174   -0.599948    -1.78854     0.25415    0.315014     2.05648   0.0220411   -0.619507   -0.558244     16.6844     4.00517    0.493451     2.69296    -1.10611     2.98704    -3.58543    -1.41902   -0.068779   -0.159514     2.84973
   -3.87576      3.3482    -1.72286     2.40974    -3.37749     1.07243    0.440798     4.68089     4.59089   -0.250443    -2.26183   -0.908105    -4.88859    -2.32047    0.124883     1.61738    -1.47086     1.71721   -0.536368      3.5876    0.732421    0.344412      1.3001     3.36808     1.99927    -3.21036    -2.16534  -0.0122418     3.09524    -2.73781     1.88261   -0.618096    -1.50857    -5.43791    0.453118    -3.43732    -2.76587    -1.42486     2.19972     4.00517     17.0926    -4.34139   -0.142925     3.77262     1.06658    -1.98297    0.286197   -0.409949    -1.21585      2.5647
    2.37148     1.46079    0.593271    -3.41964    -2.10164     -1.6493    -4.16207     1.38439    -4.16006    -2.49975     1.44878   -0.157486   0.0906792   -0.821181     2.69615   0.0621884    -2.12821    -2.36883    0.556653    -1.23921     1.61749   -0.135361   -0.525734   -0.760412     4.35605     1.00861   -0.608677    -3.50552     1.29037     2.34042   -0.469535     1.45331    0.230094      4.0996    0.620297    -0.69031     2.69765     2.32326    -0.89943    0.493451    -4.34139     16.2134    -0.50318    -1.59206     3.54401   0.0745849    -3.30344   0.0969814    -1.13666     2.51072
  -0.546065    -1.86268     1.42912    -2.85077    -5.34967     3.25466     1.45739    -2.43956    -1.79218     -1.8426    0.983661    -4.11775    -2.07893    -2.31338     1.06285    0.678894    -1.74206    0.261014   -0.443356    -1.49371     1.47527      2.7076    -2.22703   -0.477801    -3.91514    -2.54902     2.45057      2.6471    -2.58179    -2.11088     2.91726    -3.07556    -3.38232     2.94139     3.16421    0.754932   -0.632897     2.01665    -2.96636     2.69296   -0.142925    -0.50318     17.2388   -0.549472   -0.064866    -1.45548    -2.47214    -1.62424     3.27416     3.37453
  -0.898448    0.604662     1.72049     2.47016    -2.78832     1.39534    -2.16505    0.888711     2.29015     3.49476      -2.269   -0.590376     -4.8264    -2.10552    0.939241     3.24438    -2.75295   -0.980428     2.38688    0.428738    0.896866   -0.722854     2.26348    0.548473     4.29235    -1.02375    -2.87808    -1.14816    0.354815     -1.2189    0.802609   -0.113634     2.55257     1.90269   -0.665137   -0.680461    0.388379    0.196464     2.24862    -1.10611     3.77262    -1.59206   -0.549472     18.5041     2.15792    0.367345     2.43861     2.83556   -0.742938     1.74612
   0.400209     2.60029     4.54916   0.0536177   -0.740209     4.58636    -1.06953   -0.666792     3.15484    -1.55718    0.573642    -1.87229    -3.08041     -3.5906      1.4448    0.257366    -4.73307    -4.30085     1.88007   -0.344764     1.68733     4.58203    -1.06068     4.20896     2.23717   0.0582012    -3.64265    0.864808     2.38045     1.51353    -1.69177    -2.59675     1.14281     3.76551    -1.14669   -0.928602     4.20389    -4.81393     1.17635     2.98704     1.06658     3.54401   -0.064866     2.15792     16.3088    -3.17807     3.68616    -4.48528     2.08821     5.55055
    4.71149    -3.01383     0.17364     2.26972    -2.96293    0.995494   -0.128088   -0.216149    0.379232     1.46742    0.777765    0.214925     1.40334   -0.262076    0.370346   -0.971249     -2.5096    -1.79481    -1.29491   -0.317778    0.490527    -3.88997    -1.65925    -1.44436     0.38347      1.7384      1.7793     1.27279    0.731048    -2.29474     1.52773   -0.653104     1.98162    0.921672    -4.62843    -1.64702    -3.14034     1.19117     2.91884    -3.58543    -1.98297   0.0745849    -1.45548    0.367345    -3.17807      12.889    -1.68319    -2.28605    -2.85916    -1.15825
 -0.0367687     2.36843    0.177038    -2.18965     2.73499   -0.237026    -1.17174     -4.3492     4.26932    -2.66088    0.681803    -1.02953    -3.18681     2.75554    -2.30166     2.28036     1.16362   -0.821211     4.81753     1.10822      1.7799  -0.0355544   -0.612531     4.25668      1.6079    0.784811    -6.72846    -2.40366     -2.4038   -0.463959    -4.31816      4.2303     2.50929     1.86989    0.719147    -2.53706     1.80568    -1.50874     1.62411    -1.41902    0.286197    -3.30344    -2.47214     2.43861     3.68616    -1.68319     16.5023     2.37158     1.12888    0.863362
 -0.0234873   -0.904034     -3.2693      2.4584    -0.38337    -2.73734     1.42177     2.65267    -1.65703    -1.34984     -1.5463   -0.230631     2.97074     1.43072    -4.30107 -0.00443309    0.496311     4.47617     2.27728     2.09534   -0.865398    -1.26433   -0.270638    -3.16119     2.06207     -0.2247    -2.27486    -4.31109   -0.762581     1.23802   -0.387987     2.26357    -2.78111    0.230246    0.675212   -0.893881    -2.14819    -1.81109    -1.32269   -0.068779   -0.409949   0.0969814    -1.62424     2.83556    -4.48528    -2.28605     2.37158     17.8203     1.91619    -4.85613
    1.92198    0.750105     1.23617    -1.02929   -0.232593    0.349849  -0.0610598    -1.98325   -0.680304     1.36559    -4.41945     2.36568   0.0349368     0.84737    -3.49847     3.60819    -3.02178    -2.10143   -0.829836    0.930288     1.98755    -1.09285    0.724386     1.79241    -2.30599       1.548    -3.50065    0.976499    -1.34075    -2.47494    -1.80705    -2.69197     3.26085    0.498525     1.05152   -0.516426     2.87336    -2.39264    -1.44362   -0.159514    -1.21585    -1.13666     3.27416   -0.742938     2.08821    -2.85916     1.12888     1.91619     14.7698      1.4921
  -0.957439     3.11293     1.44073    -1.20063    -1.41562     4.03936   -0.927881   -0.128145     2.24306   -0.839666    -1.76481    -3.43514    -3.41125    -2.10031     1.31738    -1.19286     -2.5344    0.150639    0.699423    -2.46729     2.86496     3.84862    0.683999     1.65643     2.45334    -3.02945    -2.94749     1.24362   -0.344804   -0.815648   -0.956918    0.870574    0.333777    0.947584    0.216935   -0.972857    0.609167    -1.49589    -2.07606     2.84973      2.5647     2.51072     3.37453     1.74612     5.55055    -1.15825    0.863362    -4.85613      1.4921     12.3509
